# Generated: 2026-03-08T15:07:37.659502
# Source CSV: mq3_samples.csv

baseline_mean_v   = 0.233473
baseline_std_v    = 0.002906
k_sigma           = 2.0
threshold_v       = 0.239284
